0.0, 0.083, 0.167, 0.25, 0.333, 0.417, 0.5, 0.583, 0.667, 0.75, 0.833, 0.917
0.0, 0.167, 0.333, 0.417, 0.583, 0.75, 0.917
0.0, 0.167, 0.25, 0.417, 0.583, 0.75, 0.833
0.0, 0.167, 0.333, 0.5, 0.583, 0.75, 0.917
0.0, 0.083, 0.25, 0.417, 0.583, 0.667, 0.833
0.0, 0.167, 0.333, 0.417, 0.583, 0.75, 0.833
0.0, 0.167, 0.25, 0.417, 0.583, 0.667, 0.833
0.0, 0.083, 0.25, 0.417, 0.5, 0.667, 0.833
0.0, 0.167, 0.333, 0.583, 0.75
0.0, 0.25, 0.417, 0.583, 0.833
0.0, 0.25, 0.417, 0.5, 0.583, 0.833
0.0, 0.167, 0.25, 0.417, 0.5, 0.667, 0.75, 0.917
0.0, 0.083, 0.333, 0.417, 0.583, 0.667, 0.917
0.0, 0.333, 0.583
0.0, 0.25, 0.583
